0: 71, 72
1: 2, 15, 95
2: 1, 18
3: 4, 6
4: 3, 5, 7
5: 4, 8, 26
6: 3, 7, 9
7: 4, 6, 8, 10
8: 5, 7, 29
9: 6, 10, 95
10: 7, 9, 11, 12
11: 10, 14, 29, 32
12: 10, 13, 15, 95
13: 12, 14, 16
14: 11, 13, 17, 34
15: 1, 12, 16, 18
16: 13, 15, 17
17: 14, 16, 36
18: 2, 15, 19, 21
19: 17, 18, 22
20: 21, 23
21: 20, 24
22: 19, 21, 25, 38
23: 20, 24
24: 21, 23, 25
25: 22, 24, 40
26: 5, 29, 27
27: 26, 28, 42
28: 27, 31, 43
29: 8, 11, 26, 30
30: 29, 31, 32
31: 28, 30, 33, 45
32: 11, 30, 33, 34
33: 31, 32, 35, 47
34: 14, 32, 35, 36
35: 33, 34, 37, 49
36: 17, 34, 37, 38
37: 35, 36, 39, 51
38: 22, 36, 39, 40
39: 37, 38, 41, 53
40: 25, 38, 41
41: 39, 40, 55
42: 27, 43
43: 28, 44, 45
44: 43, 46, 56
45: 31, 43, 46, 47
46: 44, 45, 48, 58
47: 33, 45, 48, 49
48: 46, 47, 50, 59
49: 35, 47, 50, 51
50: 48, 49, 52, 61
51: 37, 49, 52, 53
52: 50, 51, 54, 64
53: 39, 51, 54, 55
54: 52, 53, 65
55: 41, 53, 66
56: 44, 69
57: 44, 69, 70, 94
58: 46, 59, 94
59: 48, 58, 61
60: 63, 72, 94
61: 50, 62
62: 61, 63, 64
63: 60, 62, 73, 75
64: 52, 62, 65, 75
65: 54, 64, 66, 76
66: 55, 65, 67
67: 66
68: 70
69: 56, 57
70: 57, 68, 71, 80
71: 0, 70, 82, 94
72: 0, 60, 73, 84
73: 63, 72, 74, 86
74: 73, 75, 89
75: 63, 64, 74, 76
76: 65, 75, 77
77: 76, 90, 93
78: 79, 80
79: 78, 81
80: 70, 78, 81, 82
81: 79, 80, 83
82: 71, 80, 83, 84
83: 81, 82, 85
84: 72, 82, 85, 86
85: 83, 84, 88
86: 73, 84, 87, 89
87: 86, 88, 91
88: 85, 87, 92
89: 74, 86, 90
90: 77, 89, 91
91: 87, 90, 92
92: 88, 91, 93
93: 77, 92
94: 57, 58, 60, 71
95: 1, 9, 12

